 1
 9
 11
 14
 25
 29
 31
 33
 39
 40
 41
 43
 44
 53
 55
 56
 61
 69
 73
 74
 75
 76
 77
 79
 88
 91
 93
 110
 111
 114
 118
 119
 121
 125
 127
 128
 129
 130
 131
 132
 133
 134
 135
 147
 150
 151
 153
 155
 158
 183
 186
 191
 193
 198
 200
 201
 202
 203
 204
 205
 208
 209
 210
 211
 212
 213
 227
 228
 229
 231
 233
 240
 242
 243
 247
 249
 250
 252
 258
 262
 263
 270
 271
 272
 275
 276
 277
 278
 279
 281
 287
 288
 289
 295
 296
 297
 301
 302
 303
 304
 305
 306
 309
 312
 314
 318
 322
 327
 330
 332
 333
 334
 335
 336
 337
 339
 341
 342
 345
 346
 347
 348
 352
 353