 3
 4
 5
 6
 7
 8
 10
 13
 22
 23
 26
 35
 37
 42
 45
 46
 47
 48
 49
 50
 51
 57
 60
 62
 63
 66
 67
 68
 70
 83
 85
 90
 94
 97
 98
 99
 105
 107
 112
 120
 122
 136
 137
 138
 139
 140
 142
 143
 144
 146
 148
 149
 154
 157
 160
 161
 163
 164
 165
 166
 169
 172
 174
 175
 179
 181
 184
 185
 187
 192
 196
 206
 207
 214
 215
 218
 219
 221
 222
 223
 224
 225
 226
 238
 241
 245
 246
 248
 253
 256
 259
 260
 267
 268
 283
 284
 285
 286
 290
 291
 292
 294
 299
 300
 308
 310
 315
 316
 317
 319
 320
 321
 323
 324
 325
 326
 328
 329
 331
 338
 340
 343